dim 100 100 100
putvoxel 10 10 10 0.545 0.27 0.0745 1
putvoxel 10 12 10 0.545 0.27 0.0745 1
putbox 9 9 10 10 10 12 0.545 0.27 0.0745 1
putbox 9 9 12 12 10 12 0.545 0.27 0.0745 1
putbox 9 9 10 10 13 14 0.8235 0.70588 0.549 1
putbox 9 9 12 12 13 14 0.8235 0.70588 0.549 1
putbox 7 11 8 14 15 15 0.8235 0.41176 0.1176 1
putbox 6 12 8 14 16 16 0.545 0.27 0.0745 1
putbox 7 11 8 14 17 26 0.7529 0.7529 0.7529 1


putbox 7 11 15 17 25 25 0.8235 0.41176 0.1176 1
putbox 7 11 15 16 18 24 0.8235 0.70588 0.549 1
putbox 7 11 15 16 15 17 0.72157 0.5255 0.04313 1
putbox 8 10 16 16 16 16 0 0 0 1
putbox 9 9 16 16 15 17 0 0 0 1
putbox 7 12 15 15 14 14 0.8235 0.70588 0.549 1
putbox 7 11 16 16 14 14 0.8235 0.70588 0.549 1
putvoxel 11 16 13 0.8235 0.70588 0.549 1
putvoxel 9 16 13 0.8235 0.70588 0.549 1
putvoxel 7 16 13 0.8235 0.70588 0.549 1


putbox 7 11 5 7 25 25 0.8235 0.41176 0.1176 1
putbox 7 11 6 7 18 24 0.8235 0.70588 0.549 1
putbox 7 11 6 7 15 17 0.72157 0.5255 0.04313 1
putbox 8 10 6 6 16 16 0 0 0 1
putbox 9 9 6 6 15 17 0 0 0 1
putbox 7 12 7 7 14 14 0.8235 0.70588 0.549 1
putbox 7 11 6 6 14 14 0.8235 0.70588 0.549 1
putvoxel 11 6 13 0.8235 0.70588 0.549 1
putvoxel 9 6 13 0.8235 0.70588 0.549 1
putvoxel 7 6 13 0.8235 0.70588 0.549 1


putbox 12 13 9 13 26 26 0.698 0.1333 0.1333 1
putbox 13 14 9 13 22 25 0.8235 0.70588 0.549 1
putbox 12 12 9 13 25 25 0.698 0.1333 0.1333 1
putbox 15 15 9 10 24 24 0.55686 0.1372 0.1372 1
putbox 15 15 12 13 24 24 0.55686 0.1372 0.1372 1
putbox 15 15 11 11 22 23 0.8039 0.52157 0.247 1
putbox 12 15 9 13 19 21 0.698 0.1333 0.1333 1
putbox 15 15 10 12 19 20 0 0 0 1
putvoxel 15 10 20 1 1 1 1
putvoxel 15 12 20 1 1 1 1
putbox 14 15 10 12 16 18 0.698 0.1333 0.1333 1
putvoxel 14 11 15 0.698 0.1333 0.1333 1
putbox 12 12 14 15 22 24 0.8235 0.70588 0.549 1
putvoxel 12 14 23 0 0 0 1
putbox 12 12 7 8 22 24 0.8235 0.70588 0.549 1
putvoxel 12 8 23 0 0 0 1

putbox 12 13 10 12 27 27 0.50196 0.50196 0.50196 1
putvoxel 12 11 28 0.50196 0.50196 0.50196 1
putbox 12 12 13 15 27 27 1 1 1 1
putbox 12 12 15 15 28 29 1 1 1 1
putbox 12 12 7 9 27 27 1 1 1 1
putbox 12 12 7 7 28 29 1 1 1 1

putbox 3 22 7 7 13 13 0.847 0.749 0.847 1
putbox 19 21 7 7 10 12 0.862745 0.862745 0.862745 1